Vc18e  (2615,3172)
Vc18d  (2616,3144)
Vc8c  (2442,2965)
Vc18a  (2615,3056)
Vc8d  (2440,2994)
Vc18b  (2615,3085)
Vc14d  (2615,2547)
Vc8e  (2442,3024)
Vc18c  (2615,3114)
Vc14e  (2616,2577)
Vc14b  (2615,2489)
Vc14c  (2615,2518)
Vc10e  (2616,1981)
Vc14a  (2616,2460)
Vc10d  (2616,1952)
Vc10c  (2616,1922)
Vc10b  (2615,1895)
Vc4b  (2441,2341)
Vc10a  (2616,1863)
Vc4a  (2442,2311)
Vc4d  (2440,2399)
Vc4c  (2441,2370)
Vc8a  (2442,2907)
Vc4e  (2442,2428)
Vc8b  (2442,2937)
Vc2e  (2441,2130)
Vc17e  (2616,3023)
Vc17d  (2615,2995)
Vc17c  (2614,2966)
Vc17a  (2615,2908)
Vc13c  (2615,2369)
Vc7d  (2441,2845)
Vc17b  (2616,2936)
Vc13d  (2615,2399)
Vc7e  (2441,2875)
Vc13e  (2615,2427)
Vc7b  (2442,2787)
Vc7c  (2441,2816)
Vc13a  (2616,2311)
Vc13b  (2616,2341)
Vc3a  (2442,2162)
Vc3e  (2441,2279)
Vc3d  (2441,2250)
Vc7a  (2441,2758)
Vc3c  (2442,2220)
Vc3b  (2441,2191)
Vc1a  (2441,1863)
Vc1b  (2442,1894)
Vc1c  (2441,1923)
Vc16a  (2615,2759)
Vc16d  (2616,2846)
Vc16e  (2615,2875)
Vc16b  (2615,2787)
Vc16c  (2615,2817)
Vc12a  (2615,2162)
Vc6e  (2442,2726)
Vc12e  (2615,2279)
Vc6b  (2442,2638)
Vc12d  (2616,2249)
Vc6a  (2441,2609)
Vc12c  (2616,2220)
Vc6d  (2442,2697)
Vc12b  (2615,2191)
Vc6c  (2441,2667)
Vc2c  (2441,2071)
Vc2d  (2442,2100)
Vc2a  (2442,2014)
Vc2b  (2441,2043)
Vc15a  (2615,2609)
Vc15b  (2615,2638)
Vc11e  (2616,2129)
Vc15c  (2615,2668)
Vc15d  (2615,2697)
Vc15e  (2615,2725)
Vc9d  (2441,3144)
Vc9e  (2441,3173)
Vc9b  (2441,3085)
Vc9c  (2442,3114)
Vc5e  (2442,2576)
Vc1e  (2442,1982)
Vc5d  (2441,2548)
Vc1d  (2441,1952)
Vc9a  (2441,3056)
Vc11b  (2616,2042)
Vc5c  (2442,2519)
Vc11a  (2616,2014)
Vc5b  (2442,2490)
Vc11d  (2616,2100)
Vc5a  (2441,2460)
Vc11c  (2616,2072)


TG  (917,29)  (943,55)
VR  (2580,599)  (2607,626)
FBr  (2124,3037)  (2151,3064)
TR  (2423,522)  (2450,548)
VG  (1073,107)  (1099,133)
FY  (248,521)  (274,547)
FR  (2502,522)  (2529,549)
InBr  (2202,3037)  (2228,3063)
CBr  (2046,3114)  (2072,3141)
FG  (994,29)  (1023,55)
InY  (325,521)  (352,548)
CY  (169,599)  (196,625)
IpY  (248,599)  (274,626)
TBr  (2046,3037)  (2073,3064)
IpG  (995,107)  (1021,133)
VBr  (2202,3114)  (2229,3142)
CG  (917,106)  (944,134)
IpBr  (2124,3115)  (2150,3141)
InG  (1073,29)  (1099,55)
TY  (170,521)  (197,548)
InR  (2580,522)  (2607,549)
CR  (2424,600)  (2451,627)
VY  (326,599)  (352,625)
IpR  (2502,599)  (2528,627)
IpBl  (632,3116)  (658,3142)
CBl  (554,3116)  (581,3142)
VBl  (710,3116)  (737,3142)
TBl  (553,3038)  (581,3064)
InBl  (710,3038)  (736,3064)
FBl  (632,3038)  (659,3064)


Sr  (2416,729)  (2466,729)  (2516,729)  (2566,729)  (2616,729)
Sbl  (546,3245)  (596,3245)  (646,3244)  (696,3245)  (746,3245)
Gbl  (644,3195)  (598,3197)  (690,3193)  (552,3197)  (736,3193)
Gg  (1008,188)  (962,188)  (1054,184)  (916,188)  (1100,184)
Gbr  (2134,3194)  (2088,3196)  (2180,3192)  (2042,3196)  (2226,3192)
Gr  (2510,681)  (2556,677)  (2464,681)  (2602,677)  (2418,681)
Capha  (2146,1275)  (2100,1304)  (2100,1258)  (2173,1321)  (2146,1229)  (2192,1250)
Sector 10  (1105,3064)  (1059,3109)  (1059,3063)  (1150,3110)  (1105,3018)  (1151,3018)  (1151,3064)  (1057,3017)  (1104,3155)  (1152,3156)  (1149,2972)  (1195,2972)  (1197,3018)  (1197,3064)  (1011,3043)  (1011,2997)  (977,2951)  (1058,3197)  (1106,3201)  (1172,2926)  (965,3043)  (965,2997)  (945,2905)  (931,2951)  (919,3043)  (919,2997)  (899,2905)  (899,2859)  (945,2859)  (885,2951)  (873,3049)  (873,3003)  (905,2813)  (951,2813)  (839,2957)  (827,3037)
Gy  (260,678)  (214,680)  (306,676)  (168,680)  (352,676)
Sector 12  (1691,2981)  (1645,3026)  (1645,2980)  (1736,3027)  (1691,2935)  (1737,2961)  (1643,2934)  (1606,3072)  (1599,3026)  (1599,2980)  (1782,3007)  (1782,3053)  (1689,2889)  (1597,2934)  (1611,2888)  (1808,3099)  (1828,2989)  (1828,3035)  (1657,2843)  (1703,2843)  (1854,3081)  (1854,3127)  (1874,2989)  (1874,3035)  (1657,2797)  (1703,2797)  (1882,3173)  (1836,3173)  (1900,3081)  (1900,3127)  (1916,2943)  (1920,2989)  (1920,3035)  (1865,3219)  (1819,3219)  (1966,2988)
Sector 11  (1413,2776)  (1367,2821)  (1367,2775)  (1458,2822)  (1413,2730)  (1459,2730)  (1459,2776)  (1365,2729)  (1412,2867)  (1366,2867)  (1321,2821)  (1321,2775)  (1504,2822)  (1504,2868)  (1458,2868)  (1320,2868)  (1411,2684)  (1457,2684)  (1503,2684)  (1505,2730)  (1505,2776)  (1319,2729)  (1319,2683)  (1365,2683)  (1549,2652)  (1412,2913)  (1366,2913)  (1275,2822)  (1275,2776)  (1550,2822)  (1520,2914)  (1474,2914)  (1320,2914)  (1274,2914)  (1274,2868)  (1411,2638)  (1457,2638)  (1503,2638)  (1551,2698)  (1551,2744)  (1273,2730)  (1273,2684)  (1273,2638)  (1319,2637)  (1365,2637)  (1428,2959)  (1382,2959)  (1229,2822)  (1229,2776)  (1497,2960)  (1336,2960)  (1290,2960)  (1264,2592)  (1411,2592)  (1457,2592)  (1503,2592)  (1597,2748)  (1227,2730)  (1227,2684)  (1310,2591)  (1356,2591)  (1402,2546)  (1448,2546)  (1494,2546)  (1288,2545)  (1334,2545)
Sector 14  (2019,2176)  (1973,2221)  (1973,2175)  (2026,2222)  (2019,2130)  (2065,2130)  (1980,2267)  (1934,2267)  (2014,2084)  (2060,2084)  (2106,2084)  (2111,2130)  (2026,2281)  (1980,2313)  (2037,2038)  (2083,2038)  (2163,2036)  (2163,2082)  (2163,2128)  (2049,2327)  (2003,2359)  (2209,2035)  (2209,2081)  (2209,2127)  (2211,2369)  (2165,2369)  (2119,2369)  (2073,2373)  (2231,2173)  (2235,2323)  (2027,2405)  (2254,2219)  (2255,2076)  (2255,2122)  (2257,2369)  (2257,2415)  (2211,2415)  (2165,2415)  (2119,2415)  (2258,2265)  (2073,2419)  (2277,2168)  (2281,2311)  (2027,2451)  (2300,2214)  (2243,2461)  (2197,2461)  (2151,2461)  (2304,2260)  (2105,2465)
Sector 13  (2017,2679)  (1971,2724)  (1971,2678)  (2025,2725)  (2017,2633)  (2063,2633)  (1979,2770)  (2013,2587)  (2059,2587)  (2105,2587)  (2109,2633)  (2025,2779)  (1979,2816)  (2036,2541)  (2082,2541)  (2048,2825)  (2163,2533)  (2163,2579)  (2163,2625)  (2002,2862)  (2206,2869)  (2160,2869)  (2114,2869)  (2068,2871)  (2209,2531)  (2209,2577)  (2209,2623)  (2229,2669)  (2235,2823)  (2022,2908)  (2252,2715)  (2252,2869)  (2252,2915)  (2206,2915)  (2160,2915)  (2114,2915)  (2068,2917)  (2255,2564)  (2255,2610)  (2258,2761)  (2275,2656)  (2281,2807)  (2298,2702)  (2298,2853)  (2245,2961)  (2199,2961)  (2153,2961)  (2107,2963)  (2061,2963)  (2304,2748)  (2327,2794)
Saudor  (1393,1271)  (1347,1296)  (1347,1250)  (1426,1317)  (1393,1225)  (1439,1242)
Sector 16  (2436,1488)  (2390,1533)  (2390,1487)  (2481,1534)  (2436,1442)  (2482,1462)  (2388,1441)  (2352,1579)  (2344,1533)  (2344,1487)  (2527,1508)  (2527,1554)  (2434,1396)  (2342,1441)  (2360,1395)  (2547,1600)  (2573,1494)  (2573,1540)  (2406,1350)  (2452,1350)  (2593,1586)  (2593,1632)  (2619,1494)  (2619,1540)  (2405,1304)  (2451,1304)  (2625,1678)  (2579,1678)  (2639,1586)  (2639,1632)  (2663,1448)  (2665,1494)  (2665,1540)  (2614,1724)  (2568,1724)  (2711,1490)
Sector 15  (2139,1766)  (2093,1811)  (2093,1765)  (2184,1812)  (2139,1720)  (2185,1720)  (2185,1766)  (2091,1719)  (2138,1857)  (2092,1857)  (2047,1811)  (2047,1765)  (2230,1812)  (2230,1858)  (2184,1858)  (2046,1858)  (2137,1674)  (2183,1674)  (2229,1674)  (2231,1720)  (2231,1766)  (2045,1719)  (2045,1673)  (2091,1673)  (2275,1630)  (2138,1903)  (2092,1903)  (2001,1812)  (2001,1766)  (2276,1812)  (2276,1858)  (2276,1904)  (2230,1904)  (2184,1904)  (2046,1904)  (2000,1901)  (2137,1628)  (2183,1628)  (2229,1628)  (2277,1676)  (2277,1722)  (1999,1720)  (1999,1674)  (1999,1628)  (2045,1627)  (2091,1627)  (2138,1949)  (2092,1949)  (1955,1811)  (2322,1768)  (2322,1814)  (2254,1950)  (2208,1950)  (2046,1950)  (2137,1582)  (2183,1582)  (2229,1582)  (2323,1708)  (1953,1765)  (1953,1719)  (2020,1581)  (2066,1581)
Meer  (2440,1673)  (2394,1695)  (2394,1649)  (2471,1719)  (2440,1627)  (2486,1643)
Ashtroth  (980,1647)  (934,1691)  (934,1645)  (1009,1693)  (980,1601)  (1026,1637)
Jumpgate Nexus  (2242,227)  (2196,251)  (2196,205)  (2279,273)  (2242,181)  (2288,197)
Fria  (949,3149)  (903,3189)  (903,3143)  (989,3195)  (949,3103)  (995,3137)
Lesab  (1775,522)  (1729,564)  (1729,518)  (1799,568)  (1775,476)  (1821,510)  (1728,472)
Lisis II  (200,870)  (154,892)  (154,846)  (236,916)  (200,824)  (246,838)
Arinam  (2571,1373)  (2525,1408)  (2525,1362)  (2607,1419)  (2571,1327)  (2617,1354)
Abaddon  (942,1371)  (896,1384)  (977,1417)  (905,1325)  (951,1325)  (988,1371)  (931,1430)
Mecatol Rex  (1392,1770)  (1346,1789)  (1346,1743)  (1428,1816)  (1392,1724)  (1438,1735)  (1382,1835)
Bereg  (1816,2876)  (1770,2887)  (1856,2922)  (1784,2830)  (1830,2830)  (1862,2876)  (1810,2933)
Tsion  (1819,1894)  (1773,1922)  (1773,1876)  (1848,1940)  (1819,1848)  (1865,1868)
Darien  (2143,2760)  (2097,2783)  (2097,2737)  (2173,2806)  (2143,2714)  (2189,2729)
Mellon  (1095,680)  (1049,704)  (1049,658)  (1125,726)  (1095,634)  (1141,650)
Ragh  (308,1149)  (262,1157)  (343,1195)  (270,1103)  (316,1103)  (354,1149)  (297,1203)
Perimeter  (2140,2257)  (2094,2277)  (2094,2231)  (2175,2303)  (2140,2211)  (2186,2223)
Mirage  (645,2258)  (599,2277)  (683,2304)  (611,2212)  (657,2212)  (691,2258)  (637,2323)
Rigel I  (1826,1372)  (1780,1406)  (1780,1360)  (1860,1418)  (1826,1326)  (1872,1352)
Sy  (262,729)  (216,731)  (308,727)  (170,731)  (354,727)
Lirta IV  (1689,3154)  (1643,3181)  (1731,3200)  (1659,3108)  (1705,3108)  (1735,3154)
Sector 30  (2117,300)  (2071,319)  (2071,273)  (2162,346)  (2117,254)  (2116,365)  (2043,227)  (2208,343)  (2208,389)  (2162,392)  (2089,208)  (2135,183)  (2251,435)  (2254,343)  (2254,389)  (2205,438)  (2159,438)  (2071,162)  (2117,137)  (2163,127)  (2297,435)  (2300,343)  (2300,389)  (2209,109)  (2270,109)  (2316,101)  (2107,91)  (2333,147)  (2153,81)  (2337,297)  (2343,435)  (2346,343)  (2346,389)  (2199,63)  (2269,63)  (2356,193)  (2360,239)  (2315,55)  (2362,62)  (2379,108)  (2135,35)  (2383,285)  (2392,331)  (2402,154)  (2406,200)  (2429,246)
Arcturus  (973,2020)  (927,2037)  (1012,2066)  (940,1974)  (986,1974)  (1019,2020)  (966,2083)
Rigel II  (1622,1522)  (1576,1557)  (1576,1511)  (1646,1568)  (1622,1476)  (1668,1503)
Sg  (1009,237)  (963,239)  (1055,235)  (917,239)  (1101,235)
Sbr  (2140,3245)  (2094,3247)  (2186,3243)  (2048,3247)  (2232,3243)
Moll Primus  (647,2761)  (601,2777)  (601,2731)  (680,2807)  (647,2715)  (693,2723)
Sector 29  (1396,1904)  (1350,1949)  (1350,1903)  (1441,1950)  (1442,1883)  (1310,1857)  (1304,1982)  (1304,1936)  (1487,1929)  (1487,1975)  (1488,1837)  (1488,1883)  (1287,1811)  (1511,1789)  (1264,1890)  (1534,1835)  (1534,1881)  (1256,1765)  (1241,1844)  (1511,1743)  (1557,1743)  (1557,1789)  (1210,1798)  (1210,1752)  (1256,1719)  (1489,1697)  (1535,1697)  (1302,1691)  (1228,1673)  (1466,1651)  (1512,1651)  (1348,1649)  (1413,1649)  (1274,1645)  (1459,1605)  (1505,1605)  (1320,1603)  (1412,1603)  (1265,1599)  (1458,1559)  (1311,1557)  (1357,1557)  (1412,1557)
Garbozia  (654,1273)  (608,1288)  (690,1319)  (618,1227)  (664,1227)  (700,1273)  (644,1334)
Sector 28  (1784,1519)  (1738,1564)  (1738,1518)  (1830,1490)  (1830,1536)  (1736,1472)  (1722,1610)  (1876,1490)  (1876,1536)  (1700,1426)  (1676,1631)  (1654,1397)  (1917,1444)  (1922,1490)  (1922,1536)  (1922,1582)  (1700,1380)  (1630,1667)  (1712,1677)  (1636,1351)  (1968,1504)  (1682,1334)  (1666,1713)  (1733,1723)  (1728,1304)
Lor  (223,1384)  (177,1412)  (177,1366)  (252,1430)  (223,1338)  (269,1358)
Arnor  (324,1666)  (278,1669)  (356,1712)  (284,1620)  (330,1620)  (370,1666)  (310,1715)
Primor  (1397,773)  (1351,811)  (1351,765)  (1427,819)  (1397,727)  (1443,757)
Muaat  (2502,1020)  (2456,1032)  (2541,1066)  (2468,974)  (2514,974)  (2548,1020)  (2495,1078)
Sector 24  (1126,1947)  (1080,1965)  (1080,1919)  (1171,1993)  (1126,1901)  (1172,1901)  (1172,1947)  (1125,2011)  (1051,1873)  (1217,1993)  (1211,2039)  (1097,1855)  (1143,1855)  (1165,2057)  (1119,2057)  (1032,1827)  (1073,2085)  (1078,1809)  (1124,1809)  (982,1900)  (982,1854)  (982,1808)  (1179,2103)  (1133,2103)  (1087,2131)  (1041,2135)  (995,2135)  (949,2135)  (936,1901)  (936,1855)  (936,1809)  (1156,2149)  (903,2169)  (900,2123)  (1110,2177)  (1064,2181)  (1018,2181)  (972,2181)  (890,1933)  (890,1887)  (877,2077)  (867,1979)  (860,2031)  (926,2215)  (1119,2223)  (1073,2227)  (1027,2227)  (981,2227)  (814,2015)
Sector 25  (1017,2518)  (971,2563)  (971,2517)  (1062,2564)  (1017,2472)  (1063,2472)  (1063,2518)  (969,2471)  (1016,2609)  (970,2609)  (925,2563)  (925,2517)  (1108,2564)  (1108,2610)  (1062,2610)  (924,2610)  (1015,2426)  (1061,2426)  (1107,2426)  (1109,2472)  (1109,2518)  (923,2471)  (923,2425)  (969,2425)  (1153,2382)  (1016,2655)  (970,2655)  (879,2564)  (879,2518)  (1154,2564)  (1154,2610)  (1152,2656)  (1106,2656)  (924,2656)  (878,2639)  (1015,2380)  (1061,2380)  (1107,2380)  (1155,2428)  (1155,2474)  (877,2472)  (877,2426)  (877,2380)  (923,2379)  (969,2379)  (1060,2701)  (1014,2701)  (833,2549)  (1200,2520)  (1129,2702)  (968,2702)  (922,2702)  (1015,2334)  (1061,2334)  (1107,2334)  (1201,2454)  (831,2503)  (897,2333)  (943,2333)  (989,2288)  (1035,2288)  (1081,2288)  (920,2287)
Sector 26  (1778,2535)  (1732,2580)  (1732,2534)  (1823,2581)  (1778,2489)  (1824,2489)  (1824,2535)  (1730,2488)  (1777,2626)  (1731,2626)  (1686,2580)  (1686,2534)  (1869,2581)  (1869,2627)  (1823,2627)  (1685,2627)  (1776,2443)  (1822,2443)  (1868,2443)  (1870,2489)  (1870,2535)  (1684,2488)  (1684,2442)  (1730,2442)  (1914,2399)  (1777,2672)  (1731,2672)  (1640,2581)  (1640,2535)  (1915,2581)  (1890,2673)  (1844,2673)  (1685,2673)  (1639,2673)  (1639,2627)  (1776,2397)  (1822,2397)  (1868,2397)  (1916,2445)  (1916,2491)  (1638,2489)  (1638,2443)  (1638,2397)  (1684,2396)  (1730,2396)  (1798,2718)  (1752,2718)  (1594,2581)  (1594,2535)  (1867,2719)  (1706,2719)  (1632,2351)  (1776,2351)  (1822,2351)  (1868,2351)  (1962,2484)  (1592,2489)  (1592,2443)  (1678,2350)  (1724,2350)  (1770,2305)  (1816,2305)  (1862,2305)  (1655,2304)  (1701,2304)
Abyz  (1070,2877)  (1024,2905)  (1024,2859)  (1103,2923)  (1070,2831)  (1116,2851)
Sector 27  (1696,2047)  (1650,2092)  (1650,2046)  (1741,2093)  (1696,2001)  (1742,2001)  (1742,2047)  (1648,2000)  (1695,2138)  (1649,2138)  (1604,2092)  (1604,2046)  (1787,2093)  (1787,2139)  (1741,2139)  (1694,1955)  (1788,2004)  (1602,2000)  (1602,1954)  (1648,1954)  (1695,2184)  (1649,2184)  (1833,2050)  (1833,2096)  (1833,2142)  (1787,2185)  (1741,2185)  (1694,1909)  (1834,2004)  (1556,2015)  (1605,1908)  (1836,2188)  (1695,2230)  (1879,2050)  (1879,2096)  (1879,2142)  (1790,2231)  (1744,2231)  (1651,1863)  (1697,1863)  (1880,2004)  (1882,2188)  (1909,1958)  (1925,2050)  (1925,2096)  (1651,1817)  (1697,1817)  (1926,2004)  (1972,2008)
Sector 20  (1639,602)  (1593,597)  (1684,648)  (1638,648)  (1639,556)  (1587,551)  (1730,634)  (1730,680)  (1684,694)  (1633,510)  (1563,505)  (1762,726)  (1776,634)  (1776,680)  (1716,740)  (1670,740)  (1609,464)  (1655,464)  (1808,726)  (1822,634)  (1822,680)  (1606,418)  (1652,418)  (1838,403)  (1698,400)  (1788,400)  (1854,726)  (1859,588)  (1861,449)  (1868,634)  (1868,680)  (1629,372)  (1882,495)  (1882,541)  (1834,357)  (1880,357)  (1884,403)  (1675,354)  (1721,354)  (1787,354)  (1905,587)  (1907,449)  (1914,633)  (1928,495)  (1928,541)  (1833,311)  (1661,308)  (1707,308)  (1787,308)
Sector 21  (1390,938)  (1344,983)  (1344,937)  (1435,984)  (1390,892)  (1436,892)  (1436,938)  (1342,891)  (1298,990)  (1298,944)  (1481,984)  (1482,849)  (1482,895)  (1296,898)  (1296,852)  (1257,806)  (1505,803)  (1528,849)  (1528,895)  (1250,905)  (1250,859)  (1551,777)  (1211,813)  (1211,767)  (1257,760)  (1574,823)  (1505,741)  (1551,731)  (1597,764)  (1208,721)  (1254,714)  (1300,695)  (1482,695)  (1528,685)  (1234,668)  (1346,655)  (1412,655)  (1280,649)  (1458,649)  (1504,639)  (1326,609)  (1411,609)  (1267,603)  (1457,603)  (1503,593)  (1313,563)  (1359,563)  (1411,563)  (1457,557)
Sector 22  (1401,1434)  (1355,1479)  (1355,1433)  (1446,1480)  (1401,1388)  (1447,1388)  (1447,1434)  (1353,1387)  (1309,1486)  (1309,1440)  (1484,1342)  (1493,1388)  (1493,1434)  (1307,1394)  (1303,1348)  (1530,1305)  (1268,1302)  (1539,1351)  (1261,1423)  (1257,1377)  (1509,1259)  (1555,1259)  (1576,1305)  (1222,1331)  (1222,1285)  (1268,1256)  (1205,1239)  (1495,1213)  (1541,1213)  (1251,1210)  (1297,1198)  (1472,1167)  (1518,1167)  (1234,1164)  (1280,1152)  (1326,1150)  (1414,1150)  (1460,1121)  (1506,1121)  (1263,1106)  (1309,1104)  (1355,1104)  (1413,1104)  (1459,1075)  (1287,1058)  (1333,1058)  (1413,1058)
Sector 23  (991,1512)  (945,1531)  (945,1485)  (1023,1466)  (1037,1512)  (1057,1558)  (1069,1434)  (899,1535)  (899,1489)  (1082,1604)  (876,1581)  (1062,1388)  (1108,1388)  (855,1443)  (853,1535)  (853,1489)  (1128,1629)  (1145,1675)  (1099,1675)  (1154,1368)  (1062,1342)  (1108,1342)  (1122,1721)  (1076,1721)  (1041,1296)  (1087,1296)
Loki  (1173,1515)  (1127,1553)  (1127,1507)  (1201,1561)  (1173,1469)  (1219,1499)
Zohbat  (982,412)  (936,431)  (936,385)  (1014,458)  (982,366)  (1028,377)
Sector 18  (2139,1440)  (2093,1485)  (2093,1439)  (2184,1486)  (2139,1394)  (2185,1394)  (2185,1440)  (2091,1393)  (2047,1486)  (2047,1440)  (2230,1486)  (2230,1348)  (2231,1394)  (2231,1440)  (2045,1394)  (2045,1348)  (2276,1303)  (2000,1302)  (2277,1349)  (2277,1395)  (1999,1411)  (1999,1365)  (2258,1257)  (2304,1257)  (2322,1303)  (1954,1319)  (1954,1273)  (2000,1256)  (1947,1227)  (2243,1211)  (2289,1211)  (1993,1210)  (2039,1210)  (2220,1165)  (2266,1165)  (1978,1164)  (2024,1164)  (2070,1150)  (2163,1150)  (2209,1119)  (2255,1119)  (2001,1118)  (2047,1104)  (2093,1104)  (2162,1104)  (2208,1073)  (2031,1058)  (2077,1058)  (2162,1058)
Sector 17  (2422,1177)  (2376,1171)  (2467,1223)  (2421,1223)  (2422,1131)  (2468,1132)  (2369,1125)  (2513,1178)  (2513,1224)  (2514,1132)  (2330,1079)  (2376,1079)  (2559,1178)  (2559,1224)  (2560,1132)  (2307,1033)  (2353,1033)  (2601,1086)  (2605,1178)  (2605,1224)  (2606,1132)  (2314,987)  (2360,987)  (2619,980)  (2624,1026)  (2406,958)  (2647,1072)  (2652,1118)  (2337,941)  (2596,934)  (2642,934)  (2665,980)  (2670,1026)  (2383,912)  (2429,912)  (2475,898)  (2529,898)  (2575,888)  (2621,888)  (2716,1012)  (2374,866)  (2420,866)  (2466,852)  (2528,852)  (2574,842)  (2620,842)  (2397,820)  (2443,806)  (2528,806)  (2574,796)
Sector 1  (1269,337)  (1223,355)  (1223,309)  (1312,383)  (1269,291)  (1266,401)  (1194,263)  (1358,391)  (1312,429)  (1240,245)  (1368,437)  (1286,217)  (1404,391)  (1322,475)  (1219,199)  (1414,437)  (1414,483)  (1368,483)  (1265,171)  (1311,167)  (1357,157)  (1413,157)  (1450,391)  (1459,147)  (1460,437)  (1460,483)  (1476,193)  (1256,125)  (1481,345)  (1302,121)  (1348,111)  (1412,111)  (1496,391)  (1499,239)  (1504,285)  (1458,101)  (1504,101)  (1505,147)  (1506,437)  (1522,193)  (1527,331)  (1281,75)  (1327,65)  (1412,65)  (1542,377)  (1545,239)  (1550,285)  (1458,55)  (1596,262)
Sector 19  (1771,1030)  (1725,1075)  (1725,1029)  (1816,1076)  (1771,984)  (1817,984)  (1817,1030)  (1723,983)  (1770,1121)  (1724,1121)  (1679,1075)  (1679,1029)  (1862,1076)  (1862,1122)  (1816,1122)  (1678,1122)  (1769,938)  (1815,938)  (1861,938)  (1863,984)  (1863,1030)  (1677,983)  (1677,937)  (1723,937)  (1907,894)  (1770,1167)  (1724,1167)  (1633,1076)  (1633,1030)  (1908,1076)  (1908,1122)  (1896,1168)  (1850,1168)  (1678,1168)  (1632,1168)  (1632,1122)  (1769,892)  (1815,892)  (1861,892)  (1909,940)  (1909,986)  (1631,984)  (1631,938)  (1631,892)  (1677,891)  (1723,891)  (1804,1213)  (1758,1213)  (1587,1076)  (1587,1030)  (1954,1032)  (1873,1214)  (1712,1214)  (1666,1214)  (1769,846)  (1815,846)  (1861,846)  (1955,982)  (1585,984)  (1641,845)  (1687,845)  (1733,800)  (1779,800)  (1825,800)  (1664,799)
Winnu  (1387,280)  (1341,301)  (1341,255)  (1420,326)  (1387,234)  (1433,247)
Sector 4  (774,1200)  (819,1246)  (730,1154)  (776,1154)  (820,1200)  (684,1150)  (843,1292)  (797,1292)  (730,1108)  (776,1108)  (677,1104)  (820,1338)  (774,1338)  (723,1062)  (676,1058)  (627,1149)  (627,1103)  (627,1057)  (797,1384)  (751,1384)  (705,1384)  (659,1384)  (613,1384)  (581,1160)  (581,1114)  (581,1068)  (567,1406)  (567,1360)  (558,1206)  (551,1314)  (774,1430)  (728,1430)  (682,1430)  (636,1430)  (540,1268)  (535,1160)  (535,1114)  (590,1452)  (544,1452)  (521,1406)  (521,1360)  (512,1222)  (505,1314)  (751,1476)  (705,1476)  (659,1476)  (494,1268)  (489,1176)  (466,1222)  (448,1285)
Sector 5  (377,963)  (331,1008)  (331,962)  (422,1009)  (377,917)  (423,917)  (423,963)  (329,916)  (285,1021)  (285,975)  (468,1009)  (465,1055)  (419,1055)  (375,871)  (318,870)  (239,1025)  (442,1101)  (364,825)  (309,824)  (216,1071)  (195,1144)  (193,1025)  (170,1098)  (208,1190)  (162,1190)  (149,1144)  (147,1052)  (147,1006)  (124,1098)  (118,960)  (231,1236)  (185,1236)  (101,1052)  (101,1006)
Sector 2  (947,588)  (901,633)  (901,587)  (983,634)  (947,542)  (993,542)  (993,588)  (899,541)  (937,679)  (891,679)  (855,609)  (1039,521)  (853,563)  (853,517)  (836,471)  (882,471)  (983,712)  (1076,475)  (937,725)  (1085,521)  (1099,429)  (859,425)  (1122,475)  (1131,521)  (1145,390)  (1099,383)  (1168,436)  (1170,567)  (1177,482)  (1078,337)  (1124,337)  (1216,528)
Sector 3  (1022,1024)  (976,1069)  (976,1023)  (1067,1070)  (1022,978)  (1068,978)  (1068,1024)  (974,977)  (1021,1115)  (975,1115)  (930,1069)  (930,1023)  (1113,1070)  (1113,1116)  (1067,1116)  (929,1116)  (1020,932)  (1066,932)  (1112,932)  (1114,978)  (1114,1024)  (928,977)  (928,931)  (974,931)  (1158,888)  (1021,1161)  (975,1161)  (884,1070)  (884,1024)  (1159,1070)  (1159,1116)  (1153,1162)  (1107,1162)  (929,1162)  (883,1161)  (1020,886)  (1066,886)  (1112,886)  (1160,934)  (1160,980)  (882,978)  (882,932)  (882,886)  (928,885)  (974,885)  (1061,1207)  (1015,1207)  (838,1071)  (838,1025)  (1205,1026)  (1130,1208)  (969,1208)  (923,1208)  (1020,840)  (1066,840)  (1112,840)  (1206,972)  (836,979)  (900,839)  (946,839)
Rigel III  (1837,1664)  (1791,1699)  (1791,1653)  (1861,1710)  (1837,1618)  (1883,1645)
Sector 8  (768,2193)  (813,2239)  (767,2239)  (723,2147)  (769,2147)  (814,2193)  (677,2139)  (843,2285)  (797,2285)  (723,2101)  (769,2101)  (668,2093)  (751,2309)  (820,2331)  (714,2055)  (668,2047)  (618,2138)  (618,2092)  (618,2046)  (774,2355)  (728,2355)  (682,2373)  (636,2373)  (590,2373)  (572,2149)  (572,2103)  (572,2057)  (785,2401)  (739,2401)  (554,2327)  (549,2195)  (544,2416)  (693,2419)  (647,2419)  (601,2419)  (531,2281)  (526,2149)  (526,2103)  (762,2447)  (508,2370)  (503,2235)  (555,2462)  (716,2465)  (670,2465)  (624,2465)  (485,2324)  (480,2189)  (457,2278)
Sector 9  (809,2756)  (763,2801)  (763,2723)  (832,2802)  (809,2710)  (855,2752)  (740,2677)  (786,2847)  (740,2847)  (786,2664)  (694,2870)  (687,2635)  (733,2631)  (787,2893)  (741,2893)  (779,2618)  (695,2916)  (649,2916)  (648,2870)  (670,2589)  (716,2585)  (764,2939)  (762,2572)  (620,2634)  (620,2588)  (603,2961)  (718,2962)  (672,2962)  (602,2915)  (602,2869)  (670,2543)  (594,2542)  (716,2539)  (574,2641)  (574,2595)  (557,2975)  (556,2929)  (556,2883)  (556,2837)  (551,2687)  (548,2549)  (538,2791)  (531,2745)  (528,2641)  (528,2595)  (510,2897)  (510,2851)  (505,2699)  (492,2805)  (485,2759)  (459,2713)
Sector 6  (172,1578)  (126,1623)  (126,1577)  (211,1624)  (172,1532)  (218,1532)  (218,1578)  (124,1531)  (165,1669)  (211,1670)  (264,1494)  (78,1539)  (78,1493)  (124,1485)  (231,1716)  (185,1716)  (310,1454)  (310,1500)  (104,1439)  (333,1408)  (356,1454)  (356,1500)  (379,1371)  (402,1417)  (402,1463)  (402,1509)  (333,1346)  (410,1555)  (379,1325)  (433,1601)  (448,1440)  (448,1486)  (310,1300)  (456,1532)
Sector 7  (652,1783)  (606,1828)  (606,1782)  (697,1829)  (652,1737)  (698,1737)  (698,1783)  (604,1736)  (651,1874)  (605,1874)  (560,1828)  (560,1782)  (743,1829)  (743,1875)  (697,1875)  (559,1875)  (650,1691)  (696,1691)  (742,1691)  (744,1737)  (744,1783)  (558,1736)  (558,1690)  (604,1690)  (788,1647)  (651,1920)  (605,1920)  (514,1829)  (514,1783)  (789,1829)  (789,1875)  (777,1921)  (731,1921)  (559,1921)  (513,1911)  (650,1645)  (696,1645)  (742,1645)  (790,1693)  (790,1739)  (512,1737)  (512,1691)  (512,1645)  (558,1644)  (604,1644)  (685,1966)  (639,1966)  (468,1821)  (835,1785)  (754,1967)  (593,1967)  (547,1967)  (650,1599)  (696,1599)  (742,1599)  (836,1722)  (466,1775)  (466,1729)  (521,1598)  (567,1598)  (613,1553)  (659,1553)  (705,1553)  (751,1553)  (544,1552)